# WaveFront *.obj file (generated by CINEMA 4D)

g MoText _ DRS D
v 91.184319 128.851878 15.774054
v 13.384319 128.851878 15.774054
v 13.384319 -21.148122 15.774054
v 91.184319 -21.148122 15.774054
v 102.135998 -20.687322 15.774054
v 110.996318 -19.528122 15.774054
v 116.912318 -18.268122 15.774054
v 122.484319 -16.648122 15.774054
v 128.693601 -14.269243 15.774054
v 133.909801 -11.704044 15.774054
v 138.257001 -9.052844 15.774054
v 141.46404 -6.713003 15.774054
v 144.784319 -3.848122 15.774054
v 148.128318 -0.384122 15.774054
v 151.120318 3.367878 15.774054
v 153.760318 7.407878 15.774054
v 156.048318 11.735878 15.774054
v 157.984319 16.351878 15.774054
v 159.842879 22.219398 15.774054
v 161.194559 28.397958 15.774054
v 162.086879 35.442398 15.774054
v 162.384319 42.851878 15.774054
v 162.384319 64.851878 15.774054
v 162.039361 72.816198 15.774054
v 161.101281 79.832558 15.774054
v 159.842881 85.484358 15.774054
v 157.984319 91.351878 15.774054
v 155.835358 96.413638 15.774054
v 153.512158 100.712838 15.774054
v 150.836958 104.724038 15.774054
v 148.128318 108.087878 15.774054
v 144.784319 111.551878 15.774054
v 141.464039 114.416759 15.774054
v 137.417639 117.311159 15.774054
v 132.995239 119.901559 15.774054
v 128.196839 122.187959 15.774054
v 122.484319 124.351878 15.774054
v 115.756639 126.252678 15.774054
v 107.909319 127.726878 15.774054
v 100.149639 128.547678 15.774054
v 88.584319 97.251878 15.774054
v 95.680319 96.959877 15.774054
v 100.631359 96.305796 15.774054
v 104.434319 95.426876 15.774054
v 107.300879 94.445756 15.774054
v 109.412479 93.467557 15.774054
v 110.920319 92.579877 15.774054
v 112.266879 91.598757 15.774054
v 113.170959 90.801598 15.774054
v 113.984319 89.951878 15.774054
v 114.967359 88.715398 15.774054
v 115.868479 87.341959 15.774054
v 116.879678 85.432559 15.774054
v 117.924158 82.858799 15.774054
v 118.784318 79.976879 15.774054
v 119.644478 75.654959 15.774054
v 120.176958 70.785199 15.774054
v 120.384319 64.651878 15.774054
v 120.384319 43.251878 15.774054
v 120.06972 35.844918 15.774054
v 119.344321 30.547878 15.774054
v 118.488921 26.902838 15.774054
v 117.552921 24.109238 15.774054
v 116.629921 22.014438 15.774054
v 115.57692 20.131638 15.774054
v 114.88272 19.103718 15.774054
v 113.884319 17.851878 15.774054
v 113.056439 16.990518 15.774054
v 111.803639 15.924918 15.774054
v 110.380598 14.954038 15.774054
v 108.787318 14.077878 15.774054
v 106.556318 13.115878 15.774054
v 103.527998 12.156838 15.774054
v 99.510838 11.307318 15.774054
v 94.281398 10.691638 15.774054
v 87.584319 10.451878 15.774054
v 53.384319 10.451878 15.774054
v 53.384319 97.251878 15.774054

f 43 42 40 
f 44 43 39 
f 43 40 39 
f 45 44 38 
f 44 39 38 
f 47 46 37 
f 46 45 37 
f 45 38 37 
f 48 47 36 
f 47 37 36 
f 49 48 35 
f 48 36 35 
f 50 49 34 
f 49 35 34 
f 51 50 33 
f 50 34 33 
f 52 51 32 
f 51 33 32 
f 53 52 31 
f 52 32 31 
f 53 31 30 
f 54 53 29 
f 53 30 29 
f 55 54 28 
f 54 29 28 
f 55 28 27 
f 56 55 26 
f 55 27 26 
f 57 56 25 
f 56 26 25 
f 58 57 24 
f 57 25 24 
f 59 58 23 
f 58 24 23 
f 59 23 22 
f 60 59 21 
f 59 22 21 
f 61 60 20 
f 60 21 20 
f 61 20 19 
f 62 61 18 
f 61 19 18 
f 63 62 17 
f 62 18 17 
f 63 17 16 
f 64 63 15 
f 63 16 15 
f 65 64 14 
f 64 15 14 
f 66 65 13 
f 65 14 13 
f 66 13 12 
f 67 66 11 
f 66 12 11 
f 69 68 10 
f 68 67 10 
f 67 11 10 
f 70 69 9 
f 69 10 9 
f 71 70 8 
f 70 9 8 
f 72 71 7 
f 71 8 7 
f 74 73 6 
f 73 72 6 
f 72 7 6 
f 75 74 5 
f 74 6 5 
f 77 76 4 
f 76 75 4 
f 75 5 4 
f 78 77 3 
f 77 4 3 
f 78 3 2 
f 42 41 1 
f 41 78 1 
f 78 2 1 
f 40 42 1 

g MoText _ DRS R
v 327.384319 -21.148122 15.774054
v 276.584319 40.251878 15.774054
v 281.384319 40.251878 15.774054
v 286.943319 40.494878 15.774054
v 292.340319 41.223878 15.774054
v 295.848319 41.979878 15.774054
v 299.284319 42.951878 15.774054
v 303.871838 44.644197 15.774054
v 307.822798 46.538556 15.774054
v 310.933598 48.384357 15.774054
v 314.084319 50.651878 15.774054
v 316.735319 52.963199 15.774054
v 319.144319 55.497159 15.774054
v 321.311319 58.253759 15.774054
v 322.735319 60.398399 15.774054
v 324.184319 62.951878 15.774054
v 325.429199 65.647918 15.774054
v 326.427839 68.480038 15.774054
v 327.180239 71.448238 15.774054
v 327.727439 74.905838 15.774054
v 327.909839 77.061038 15.774054
v 327.984319 79.651878 15.774054
v 327.984319 88.251878 15.774054
v 327.713839 94.012598 15.774054
v 327.051439 98.582198 15.774054
v 326.195839 102.130598 15.774054
v 325.064239 105.442998 15.774054
v 323.656639 108.519398 15.774054
v 321.973039 111.359798 15.774054
v 320.427439 113.462198 15.774054
v 318.705199 115.413558 15.774054
v 316.806319 117.213878 15.774054
v 314.184319 119.251878 15.774054
v 311.27232 121.075878 15.774054
v 307.37664 123.011238 15.774054
v 303.043201 124.670118 15.774054
v 297.434241 126.256038 15.774054
v 289.347201 127.742118 15.774054
v 281.33184 128.540838 15.774054
v 271.384319 128.851878 15.774054
v 183.384319 128.851878 15.774054
v 183.384319 -21.148122 15.774054
v 223.384319 -21.148122 15.774054
v 223.384319 98.051878 15.774054
v 275.384319 98.051878 15.774054
v 277.84348 97.948198 15.774054
v 279.806361 97.681958 15.774054
v 281.351681 97.314598 15.774054
v 282.548321 96.899878 15.774054
v 283.455321 96.483878 15.774054
v 284.28032 96.003878 15.774054
v 285.02332 95.459878 15.774054
v 285.29756 95.224358 15.774054
v 285.684319 94.851878 15.774054
v 286.273319 94.183878 15.774054
v 286.800318 93.459878 15.774054
v 287.265318 92.679878 15.774054
v 287.741478 91.669958 15.774054
v 288.128358 90.579398 15.774054
v 288.425958 89.408198 15.774054
v 288.660318 87.939878 15.774054
v 288.753319 86.823878 15.774054
v 288.784319 85.651878 15.774054
v 288.784319 79.051878 15.774054
v 288.7024 77.308517 15.774054
v 288.496321 75.862877 15.774054
v 288.164801 74.491716 15.774054
v 287.780801 73.375716 15.774054
v 287.304641 72.314437 15.774054
v 286.73632 71.307877 15.774054
v 286.19232 70.510877 15.774054
v 285.584319 69.751878 15.774054
v 284.910319 69.048878 15.774054
v 284.168318 68.419879 15.774054
v 283.358318 67.864879 15.774054
v 282.480318 67.383879 15.774054
v 281.534318 66.976879 15.774054
v 280.309358 66.586159 15.774054
v 278.986478 66.301999 15.774054
v 277.565679 66.124399 15.774054
v 275.784319 66.051878 15.774054
v 255.984319 66.051878 15.774054
v 252.448399 65.886638 15.774054
v 249.533839 65.462318 15.774054
v 247.159999 64.876838 15.774054
v 245.256319 64.215878 15.774054
v 243.473599 63.408038 15.774054
v 241.811839 62.453318 15.774054
v 240.771199 61.735238 15.774054
v 239.784319 60.951878 15.774054
v 238.644319 59.884878 15.774054
v 237.624319 58.723878 15.774054
v 236.724319 57.468878 15.774054
v 235.944319 56.119878 15.774054
v 235.284319 54.676878 15.774054
v 234.744319 53.139878 15.774054
v 234.254719 51.171398 15.774054
v 233.937919 49.067558 15.774054
v 233.822719 47.589798 15.774054
v 233.784319 46.051878 15.774054
v 233.881119 44.057798 15.774054
v 234.207519 41.749958 15.774054
v 234.821119 39.093798 15.774054
v 235.784319 36.051878 15.774054
v 236.704319 33.803877 15.774054
v 237.993519 31.312596 15.774054
v 239.891519 28.343397 15.774054
v 241.261119 26.502757 15.774054
v 242.784319 24.651878 15.774054
v 282.584319 -21.148122 15.774054

f 188 187 186 185 184 183 182 181 180 179 178 177 176 175 174 173 172 171 170 169 168 167 166 165 164 163 162 161 160 159 158 157 156 155 154 153 152 151 150 149 148 147 146 145 144 143 142 141 140 139 138 137 136 135 134 133 132 131 130 129 128 127 126 125 124 123 122 121 120 119 118 117 116 115 114 113 112 111 110 109 108 107 106 105 104 103 102 101 100 99 98 97 96 95 94 93 92 91 90 89 88 87 86 85 84 83 82 81 80 79 

g MoText _ DRS S
v 418.784319 34.651878 15.774054
v 427.359321 31.776876 15.774054
v 430.74172 30.276077 15.774054
v 431.70272 29.759077 15.774054
v 432.684319 29.151878 15.774054
v 433.387319 28.628878 15.774054
v 434.016318 28.059879 15.774054
v 434.571318 27.444879 15.774054
v 435.052318 26.783879 15.774054
v 435.459318 26.076879 15.774054
v 435.792318 25.323879 15.774054
v 436.051318 24.524879 15.774054
v 436.236318 23.679879 15.774054
v 436.347319 22.788878 15.774054
v 436.384319 21.851878 15.774054
v 436.341119 20.906279 15.774054
v 436.211519 19.989479 15.774054
v 435.995519 19.101479 15.774054
v 435.693119 18.242279 15.774054
v 435.304319 17.411879 15.774054
v 434.829119 16.610279 15.774054
v 434.267519 15.837479 15.774054
v 433.845119 15.338278 15.774054
v 433.384319 14.851878 15.774054
v 432.874879 14.391078 15.774054
v 432.306559 13.968678 15.774054
v 431.513359 13.494678 15.774054
v 430.628159 13.080678 15.774054
v 429.444479 12.663078 15.774054
v 427.896079 12.285078 15.774054
v 425.905679 11.997078 15.774054
v 424.542079 11.895078 15.774054
v 422.784319 11.851878 15.774054
v 345.984319 11.851878 15.774054
v 345.984319 -21.148122 15.774054
v 416.784319 -21.148122 15.774054
v 426.284601 -20.731962 15.774054
v 433.466041 -19.764282 15.774054
v 437.77632 -18.844122 15.774054
v 442.284319 -17.548122 15.774054
v 448.090398 -15.343962 15.774054
v 452.592798 -13.155162 15.774054
v 456.335438 -10.905882 15.774054
v 458.221839 -9.581082 15.774054
v 460.284319 -7.948122 15.774054
v 462.980319 -5.460122 15.774054
v 465.388319 -2.796122 15.774054
v 467.508319 0.043878 15.774054
v 469.340319 3.059878 15.774054
v 470.884319 6.251878 15.774054
v 472.254919 9.908277 15.774054
v 473.286719 13.661476 15.774054
v 473.979719 17.511476 15.774054
v 474.270919 20.372277 15.774054
v 474.384319 23.651878 15.774054
v 474.154999 28.481038 15.774054
v 473.593399 32.373838 15.774054
v 472.694839 36.039118 15.774054
v 471.688639 38.919718 15.774054
v 470.448439 41.642318 15.774054
v 468.974239 44.206918 15.774054
v 467.266039 46.613518 15.774054
v 465.323839 48.862118 15.774054
v 464.046199 50.135438 15.774054
v 462.684319 51.351878 15.774054
v 458.645919 54.440517 15.774054
v 453.398919 57.725516 15.774054
v 445.973919 61.467716 15.774054
v 437.435719 64.909837 15.774054
v 427.784319 68.051878 15.774054
v 391.184319 78.651878 15.774054
v 388.103318 79.674877 15.774054
v 386.198558 80.505156 15.774054
v 384.863318 81.234877 15.774054
v 383.963679 81.833797 15.774054
v 383.084319 82.551878 15.774054
v 382.520319 83.122599 15.774054
v 382.028319 83.730759 15.774054
v 381.608319 84.376359 15.774054
v 381.313319 84.942959 15.774054
v 381.068319 85.535559 15.774054
v 380.840319 86.280999 15.774054
v 380.684319 87.063879 15.774054
v 380.609319 87.744878 15.774054
v 380.584319 88.451878 15.774054
v 380.610319 89.006877 15.774054
v 380.688319 89.551877 15.774054
v 380.818319 90.086877 15.774054
v 381.000319 90.611876 15.774054
v 381.234319 91.126876 15.774054
v 381.583759 91.731676 15.774054
v 382.008079 92.322077 15.774054
v 382.507279 92.898077 15.774054
v 383.184319 93.551878 15.774054
v 383.62464 93.905158 15.774054
v 384.1136 94.228999 15.774054
v 384.793201 94.592399 15.774054
v 385.548801 94.909799 15.774054
v 386.555841 95.229959 15.774054
v 387.869041 95.519759 15.774054
v 389.77632 95.759879 15.774054
v 392.184319 95.851878 15.774054
v 469.384319 95.851878 15.774054
v 469.384319 128.851878 15.774054
v 392.384319 128.851878 15.774054
v 384.094239 128.495478 15.774054
v 377.312799 127.580278 15.774054
v 371.832639 126.317478 15.774054
v 366.775839 124.623478 15.774054
v 362.778399 122.828278 15.774054
v 359.091999 120.716278 15.774054
v 357.365439 119.541478 15.774054
v 355.184319 117.851878 15.774054
v 352.206399 115.099558 15.774054
v 350.015199 112.634358 15.774054
v 348.087999 110.013158 15.774054
v 346.424799 107.235958 15.774054
v 345.025599 104.302758 15.774054
v 343.890399 101.213558 15.774054
v 343.019199 97.968358 15.774054
v 342.322239 93.868198 15.774054
v 342.068799 91.009958 15.774054
v 341.984319 88.051878 15.774054
v 342.18032 83.934198 15.774054
v 342.660321 80.535798 15.774054
v 343.428321 77.258358 15.774054
v 344.484321 74.101878 15.774054
v 345.828321 71.066358 15.774054
v 347.460321 68.151798 15.774054
v 349.38032 65.358198 15.774054
v 351.984319 62.251878 15.774054
v 354.995999 59.318038 15.774054
v 358.431039 56.564518 15.774054
v 362.875199 53.638438 15.774054
v 368.535839 50.628118 15.774054
v 374.896319 47.915878 15.774054
v 382.784319 45.251878 15.774054

f 325 324 323 322 321 320 319 318 317 316 315 314 313 312 311 310 309 308 307 306 305 304 303 302 301 300 299 298 297 296 295 294 293 292 291 290 289 288 287 286 285 284 283 282 281 280 279 278 277 276 275 274 273 272 271 270 269 268 267 266 265 264 263 262 261 260 259 258 257 256 255 254 253 252 251 250 249 248 247 246 245 244 243 242 241 240 239 238 237 236 235 234 233 232 231 230 229 228 227 226 225 224 223 222 221 220 219 218 217 216 215 214 213 212 211 210 209 208 207 206 205 204 203 202 201 200 199 198 197 196 195 194 193 192 191 190 189 

g MoText _ ZONE Z
v 665.984319 -21.148122 15.774054
v 665.984319 11.851878 15.774054
v 581.184319 11.851878 15.774054
v 579.728958 11.915237 15.774054
v 578.639358 12.064836 15.774054
v 577.848318 12.247876 15.774054
v 577.128958 12.487237 15.774054
v 576.636479 12.703717 15.774054
v 576.184319 12.951878 15.774054
v 575.842319 13.186878 15.774054
v 575.594639 13.396478 15.774054
v 575.369999 13.625278 15.774054
v 575.168399 13.873278 15.774054
v 574.989839 14.140478 15.774054
v 574.834319 14.426878 15.774054
v 574.672319 14.811878 15.774054
v 574.546319 15.226878 15.774054
v 574.456319 15.671878 15.774054
v 574.402319 16.146878 15.774054
v 574.384319 16.651878 15.774054
v 574.423199 17.476998 15.774054
v 574.507199 18.064998 15.774054
v 574.638239 18.605958 15.774054
v 574.787999 19.032198 15.774054
v 574.939199 19.360998 15.774054
v 575.114399 19.665798 15.774054
v 575.313599 19.946598 15.774054
v 575.444639 20.103558 15.774054
v 575.584319 20.251878 15.774054
v 576.229439 20.839397 15.774054
v 577.533599 21.816756 15.774054
v 579.184319 22.851878 15.774054
v 639.984319 57.451878 15.774054
v 647.487919 62.212998 15.774054
v 652.886719 66.368358 15.774054
v 656.655919 69.854598 15.774054
v 659.516719 73.018758 15.774054
v 660.774319 74.623878 15.774054
v 662.184319 76.651878 15.774054
v 664.346479 80.330357 15.774054
v 666.080959 84.021796 15.774054
v 667.263679 87.313956 15.774054
v 668.108479 90.616357 15.774054
v 668.570479 93.514357 15.774054
v 668.718319 95.173877 15.774054
v 668.784319 97.251878 15.774054
v 668.572639 101.621277 15.774054
v 668.054239 105.101277 15.774054
v 667.384639 107.814276 15.774054
v 666.499039 110.357276 15.774054
v 665.397439 112.730276 15.774054
v 664.079839 114.933276 15.774054
v 662.546239 116.966277 15.774054
v 660.796639 118.829277 15.774054
v 659.643199 119.865477 15.774054
v 657.984319 121.151878 15.774054
v 655.674319 122.614878 15.774054
v 653.064319 123.923879 15.774054
v 649.536319 125.291399 15.774054
v 644.874319 126.606559 15.774054
v 638.016319 127.853959 15.774054
v 630.186319 128.602399 15.774054
v 621.384319 128.851878 15.774054
v 538.984319 128.851878 15.774054
v 538.984319 95.851878 15.774054
v 621.584319 95.851878 15.774054
v 622.910039 95.793798 15.774054
v 623.872319 95.659878 15.774054
v 624.544599 95.501958 15.774054
v 625.067799 95.329158 15.774054
v 625.542039 95.121798 15.774054
v 625.899839 94.922598 15.774054
v 626.098199 94.791558 15.774054
v 626.284319 94.651878 15.774054
v 626.622719 94.352358 15.774054
v 626.871719 94.085158 15.774054
v 627.090719 93.801958 15.774054
v 627.279719 93.502758 15.774054
v 627.438719 93.187558 15.774054
v 627.567719 92.856358 15.774054
v 627.666719 92.509158 15.774054
v 627.735719 92.145958 15.774054
v 627.769319 91.843878 15.774054
v 627.784319 91.451878 15.774054
v 627.7584 90.888839 15.774054
v 627.691841 90.410119 15.774054
v 627.584321 89.951879 15.774054
v 627.435841 89.514119 15.774054
v 627.27232 89.147879 15.774054
v 627.13632 88.895878 15.774054
v 626.984319 88.651878 15.774054
v 626.775039 88.366757 15.774054
v 626.487199 88.041397 15.774054
v 626.100639 87.679156 15.774054
v 625.592319 87.283876 15.774054
v 624.936319 86.859877 15.774054
v 624.184319 86.451878 15.774054
v 565.784319 54.051878 15.774054
v 556.266239 48.081957 15.774054
v 549.784439 43.110756 15.774054
v 545.176319 38.819877 15.774054
v 543.347319 36.843877 15.774054
v 541.684319 34.851878 15.774054
v 539.627159 31.993078 15.774054
v 537.879679 29.016678 15.774054
v 536.441879 25.922678 15.774054
v 535.313759 22.711078 15.774054
v 534.495319 19.381878 15.774054
v 533.986559 15.935078 15.774054
v 533.834879 13.912678 15.774054
v 533.784319 11.851878 15.774054
v 533.910159 8.976918 15.774054
v 534.287679 6.160038 15.774054
v 534.916879 3.401238 15.774054
v 535.532559 1.431318 15.774054
v 536.384319 -0.748122 15.774054
v 537.532319 -3.088122 15.774054
v 538.896319 -5.308122 15.774054
v 540.476319 -7.408122 15.774054
v 542.272319 -9.388122 15.774054
v 544.284319 -11.248122 15.774054
v 546.524319 -12.976122 15.774054
v 549.265519 -14.710602 15.774054
v 552.587119 -16.404042 15.774054
v 554.993519 -17.417802 15.774054
v 557.884319 -18.448122 15.774054
v 562.046879 -19.588602 15.774054
v 567.354559 -20.526042 15.774054
v 572.290879 -20.992602 15.774054
v 577.584319 -21.148122 15.774054

f 455 454 453 452 451 450 449 448 447 446 445 444 443 442 441 440 439 438 437 436 435 434 433 432 431 430 429 428 427 426 425 424 423 422 421 420 419 418 417 416 415 414 413 412 411 410 409 408 407 406 405 404 403 402 401 400 399 398 397 396 395 394 393 392 391 390 389 388 387 386 385 384 383 382 381 380 379 378 377 376 375 374 373 372 371 370 369 368 367 366 365 364 363 362 361 360 359 358 357 356 355 354 353 352 351 350 349 348 347 346 345 344 343 342 341 340 339 338 337 336 335 334 333 332 331 330 329 328 327 326 

g MoText _ ZONE O
v 838.984319 43.451878 15.774054
v 838.984319 64.251878 15.774054
v 838.631519 72.440198 15.774054
v 837.672119 79.664558 15.774054
v 836.385119 85.492358 15.774054
v 834.484319 91.551878 15.774054
v 832.286519 96.789638 15.774054
v 829.910519 101.248838 15.774054
v 827.174519 105.420038 15.774054
v 824.404319 108.927878 15.774054
v 820.984319 112.551878 15.774054
v 817.192319 115.875878 15.774054
v 813.016319 118.887878 15.774054
v 808.456319 121.587878 15.774054
v 803.512319 123.975878 15.774054
v 798.184319 126.051878 15.774054
v 791.306881 128.079398 15.774054
v 783.284321 129.651878 15.774054
v 775.350881 130.527398 15.774054
v 766.184319 130.851878 15.774054
v 752.984319 130.851878 15.774054
v 741.786878 130.360358 15.774054
v 732.728318 129.123878 15.774054
v 726.680318 127.779878 15.774054
v 720.984319 126.051878 15.774054
v 714.636799 123.523238 15.774054
v 709.303999 120.810638 15.774054
v 704.859199 118.017038 15.774054
v 701.579839 115.557518 15.774054
v 698.184319 112.551878 15.774054
v 694.764319 108.927878 15.774054
v 691.704319 105.015878 15.774054
v 689.004319 100.815878 15.774054
v 686.664319 96.327878 15.774054
v 684.684319 91.551878 15.774054
v 682.783519 85.492358 15.774054
v 681.401119 79.121798 15.774054
v 680.488519 71.869358 15.774054
v 680.184319 64.251878 15.774054
v 680.184319 43.451878 15.774054
v 680.537119 35.263558 15.774054
v 681.496519 28.039198 15.774054
v 682.783519 22.211398 15.774054
v 684.684319 16.151878 15.774054
v 686.882119 10.914118 15.774054
v 689.258119 6.454918 15.774054
v 691.994119 2.283718 15.774054
v 694.764319 -1.224122 15.774054
v 698.184319 -4.848122 15.774054
v 701.976319 -8.172122 15.774054
v 706.152319 -11.184122 15.774054
v 710.712319 -13.884122 15.774054
v 715.656319 -16.272122 15.774054
v 720.984319 -18.348122 15.774054
v 727.861759 -20.375642 15.774054
v 735.884319 -21.948122 15.774054
v 743.817759 -22.823642 15.774054
v 752.984319 -23.148122 15.774054
v 766.184319 -23.148122 15.774054
v 777.381759 -22.656602 15.774054
v 786.440319 -21.420122 15.774054
v 792.488319 -20.076122 15.774054
v 798.184319 -18.348122 15.774054
v 804.531839 -15.819482 15.774054
v 809.864639 -13.106882 15.774054
v 814.309439 -10.313282 15.774054
v 817.588799 -7.853762 15.774054
v 820.984319 -4.848122 15.774054
v 824.404319 -1.224122 15.774054
v 827.464319 2.687878 15.774054
v 830.164319 6.887878 15.774054
v 832.504319 11.375878 15.774054
v 834.484319 16.151878 15.774054
v 836.385119 22.211398 15.774054
v 837.767519 28.581958 15.774054
v 838.680119 35.834398 15.774054
v 722.184319 41.851878 15.774054
v 722.184319 66.251878 15.774054
v 722.5086 73.575678 15.774054
v 723.151801 78.263678 15.774054
v 723.996001 81.924678 15.774054
v 724.928641 84.735078 15.774054
v 725.853241 86.846078 15.774054
v 726.91184 88.747078 15.774054
v 727.8552 90.116678 15.774054
v 728.884319 91.351878 15.774054
v 730.017119 92.473158 15.774054
v 731.271519 93.500998 15.774054
v 732.647518 94.435398 15.774054
v 734.538518 95.471998 15.774054
v 736.619518 96.362598 15.774054
v 739.367518 97.238598 15.774054
v 742.919318 97.994878 15.774054
v 746.843519 98.464998 15.774054
v 751.784319 98.651878 15.774054
v 767.384319 98.651878 15.774054
v 772.90852 98.415357 15.774054
v 777.302121 97.807996 15.774054
v 780.278121 97.107196 15.774054
v 782.980521 96.196156 15.774054
v 785.023521 95.276357 15.774054
v 786.87652 94.210557 15.774054
v 788.22212 93.252797 15.774054
v 789.15152 92.473157 15.774054
v 790.284319 91.351878 15.774054
v 791.313439 90.116678 15.774054
v 792.256799 88.747078 15.774054
v 793.315398 86.846078 15.774054
v 794.239998 84.735078 15.774054
v 795.172638 81.924678 15.774054
v 796.016838 78.263678 15.774054
v 796.716318 72.951878 15.774054
v 796.984319 66.251878 15.774054
v 796.984319 41.851878 15.774054
v 796.660039 34.523239 15.774054
v 795.912319 29.275879 15.774054
v 795.030599 25.660519 15.774054
v 794.065799 22.886119 15.774054
v 793.114399 20.802919 15.774054
v 792.028999 18.927719 15.774054
v 791.313439 17.902438 15.774054
v 790.284319 16.651878 15.774054
v 789.151519 15.515238 15.774054
v 787.897119 14.473318 15.774054
v 786.521119 13.526118 15.774054
v 784.630119 12.475318 15.774054
v 782.549119 11.572518 15.774054
v 779.801119 10.684518 15.774054
v 776.249319 9.917878 15.774054
v 772.325119 9.441318 15.774054
v 767.384319 9.251878 15.774054
v 751.784319 9.251878 15.774054
v 746.260119 9.491637 15.774054
v 741.866519 10.107316 15.774054
v 738.890519 10.817716 15.774054
v 736.188119 11.741236 15.774054
v 734.145119 12.673637 15.774054
v 732.292119 13.754037 15.774054
v 730.946519 14.724917 15.774054
v 730.017119 15.515237 15.774054
v 728.884319 16.651878 15.774054
v 727.855199 17.902438 15.774054
v 726.689399 19.652839 15.774054
v 725.657599 21.611239 15.774054
v 724.596319 24.235879 15.774054
v 723.727999 27.160039 15.774054
v 722.958839 30.950119 15.774054
v 722.401399 35.780839 15.774054

f 570 569 531 
f 570 531 530 
f 571 570 529 
f 570 530 529 
f 572 571 528 
f 571 529 528 
f 572 528 527 
f 573 572 526 
f 572 527 526 
f 574 573 525 
f 573 526 525 
f 575 574 524 
f 574 525 524 
f 576 575 523 
f 575 524 523 
f 577 576 522 
f 576 523 522 
f 577 522 521 
f 579 578 520 
f 578 577 520 
f 577 521 520 
f 580 579 519 
f 579 520 519 
f 581 580 518 
f 580 519 518 
f 583 582 517 
f 582 581 517 
f 581 518 517 
f 584 583 516 
f 583 517 516 
f 585 584 515 
f 584 516 515 
f 586 585 514 
f 585 515 514 
f 587 586 513 
f 586 514 513 
f 589 588 512 
f 588 587 512 
f 587 513 512 
f 590 589 511 
f 589 512 511 
f 591 590 510 
f 590 511 510 
f 593 592 509 
f 592 591 509 
f 591 510 509 
f 594 593 508 
f 593 509 508 
f 595 594 507 
f 594 508 507 
f 596 595 506 
f 595 507 506 
f 597 596 505 
f 596 506 505 
f 598 597 504 
f 597 505 504 
f 599 598 503 
f 598 504 503 
f 599 503 502 
f 600 599 501 
f 599 502 501 
f 601 600 500 
f 600 501 500 
f 602 601 499 
f 601 500 499 
f 602 499 498 
f 603 602 497 
f 602 498 497 
f 532 603 496 
f 603 497 496 
f 532 496 495 
f 533 532 494 
f 532 495 494 
f 533 494 493 
f 534 533 493 
f 534 493 492 
f 534 492 491 
f 535 534 491 
f 535 491 490 
f 536 535 490 
f 536 490 489 
f 536 489 488 
f 537 536 488 
f 537 488 487 
f 538 537 487 
f 538 487 486 
f 539 538 486 
f 539 486 485 
f 540 539 485 
f 540 485 484 
f 540 484 483 
f 541 540 483 
f 541 483 482 
f 543 542 482 
f 542 541 482 
f 543 482 481 
f 544 543 481 
f 544 481 480 
f 545 544 480 
f 545 480 479 
f 547 546 479 
f 546 545 479 
f 547 479 478 
f 548 547 478 
f 548 478 477 
f 549 548 477 
f 550 549 476 
f 549 477 476 
f 551 550 475 
f 550 476 475 
f 553 552 474 
f 552 551 474 
f 551 475 474 
f 554 553 473 
f 553 474 473 
f 555 554 472 
f 554 473 472 
f 557 556 471 
f 556 555 471 
f 555 472 471 
f 558 557 470 
f 557 471 470 
f 559 558 469 
f 558 470 469 
f 560 559 468 
f 559 469 468 
f 561 560 467 
f 560 468 467 
f 562 561 466 
f 561 467 466 
f 563 562 465 
f 562 466 465 
f 564 563 464 
f 563 465 464 
f 564 464 463 
f 565 564 462 
f 564 463 462 
f 566 565 461 
f 565 462 461 
f 567 566 460 
f 566 461 460 
f 567 460 459 
f 568 567 458 
f 567 459 458 
f 569 568 457 
f 568 458 457 
f 531 569 456 
f 569 457 456 

g MoText _ ZONE N
v 859.984319 -21.148122 15.774054
v 899.984319 -21.148122 15.774054
v 899.984319 93.051878 15.774054
v 900.024641 93.960038 15.774054
v 900.119841 94.637638 15.774054
v 900.236321 95.127878 15.774054
v 900.367641 95.519038 15.774054
v 900.50204 95.826238 15.774054
v 900.684319 96.151878 15.774054
v 900.804639 96.320838 15.774054
v 900.941599 96.475719 15.774054
v 901.095198 96.616519 15.774054
v 901.265438 96.743239 15.774054
v 901.452318 96.855879 15.774054
v 901.655838 96.954439 15.774054
v 901.933638 97.057839 15.774054
v 902.237438 97.139239 15.774054
v 902.636318 97.207879 15.774054
v 902.997319 97.240878 15.774054
v 903.384319 97.251878 15.774054
v 903.755359 97.233157 15.774054
v 904.044759 97.188957 15.774054
v 904.316159 97.118757 15.774054
v 904.520319 97.043876 15.774054
v 904.712959 96.952356 15.774054
v 904.894079 96.844196 15.774054
v 905.063679 96.719396 15.774054
v 905.221759 96.577957 15.774054
v 905.368319 96.419877 15.774054
v 905.503359 96.245157 15.774054
v 905.597079 96.103198 15.774054
v 905.684319 95.951878 15.774054
v 906.359318 94.626879 15.774054
v 906.984319 93.251878 15.774054
v 939.584319 13.651878 15.774054
v 943.564919 5.104117 15.774054
v 947.302719 -1.347164 15.774054
v 950.994719 -6.590363 15.774054
v 954.149919 -10.358683 15.774054
v 957.484319 -13.748122 15.774054
v 959.709319 -15.648122 15.774054
v 962.104319 -17.348121 15.774054
v 965.202719 -19.124121 15.774054
v 968.545919 -20.612121 15.774054
v 972.133919 -21.812121 15.774054
v 976.629319 -22.848121 15.774054
v 981.457919 -23.492121 15.774054
v 987.384319 -23.748122 15.774054
v 991.825119 -23.544283 15.774054
v 995.878519 -22.989964 15.774054
v 999.255519 -22.246363 15.774054
v 1002.884319 -21.148122 15.774054
v 1006.08752 -19.873442 15.774054
v 1009.097121 -18.337402 15.774054
v 1011.665121 -16.714202 15.774054
v 1013.83952 -15.068642 15.774054
v 1015.884319 -13.248122 15.774054
v 1018.000319 -11.020122 15.774054
v 1020.133879 -8.319842 15.774054
v 1022.064159 -5.358202 15.774054
v 1023.492279 -2.740642 15.774054
v 1024.784319 0.051878 15.774054
v 1026.008318 3.355879 15.774054
v 1027.040558 7.230519 15.774054
v 1027.743678 11.356839 15.774054
v 1028.074158 14.920119 15.774054
v 1028.184319 18.651878 15.774054
v 1028.184319 128.851878 15.774054
v 988.184319 128.851878 15.774054
v 988.184319 14.451878 15.774054
v 988.143999 13.543718 15.774054
v 988.048799 12.866118 15.774054
v 987.932319 12.375878 15.774054
v 987.800999 11.984718 15.774054
v 987.666599 11.677518 15.774054
v 987.484319 11.351878 15.774054
v 987.364 11.182918 15.774054
v 987.22704 11.028038 15.774054
v 987.073441 10.887238 15.774054
v 986.903201 10.760518 15.774054
v 986.716321 10.647878 15.774054
v 986.512801 10.549318 15.774054
v 986.235001 10.445918 15.774054
v 985.931201 10.364518 15.774054
v 985.53232 10.295878 15.774054
v 985.17132 10.262878 15.774054
v 984.784319 10.251878 15.774054
v 984.413279 10.270598 15.774054
v 984.123879 10.314798 15.774054
v 983.852479 10.384998 15.774054
v 983.648319 10.459878 15.774054
v 983.455679 10.551398 15.774054
v 983.274559 10.659558 15.774054
v 983.104959 10.784358 15.774054
v 982.946879 10.925798 15.774054
v 982.800319 11.083878 15.774054
v 982.665279 11.258598 15.774054
v 982.571559 11.400558 15.774054
v 982.484319 11.551878 15.774054
v 981.809319 12.876876 15.774054
v 981.184319 14.251878 15.774054
v 948.584319 93.851878 15.774054
v 945.084158 101.541478 15.774054
v 941.460758 107.932478 15.774054
v 937.822358 113.196478 15.774054
v 934.675478 117.033278 15.774054
v 930.884319 120.951878 15.774054
v 928.621319 122.908878 15.774054
v 926.192319 124.659878 15.774054
v 923.058399 126.489158 15.774054
v 919.685439 128.021798 15.774054
v 916.073439 129.257798 15.774054
v 911.557319 130.324878 15.774054
v 906.715839 130.988198 15.774054
v 900.784319 131.251878 15.774054
v 896.658118 131.062597 15.774054
v 892.599518 130.494756 15.774054
v 888.913118 129.634597 15.774054
v 885.284319 128.451878 15.774054
v 881.799519 126.963879 15.774054
v 878.807519 125.346879 15.774054
v 876.009119 123.487879 15.774054
v 874.095519 121.983879 15.774054
v 872.284319 120.351878 15.774054
v 870.168319 118.123878 15.774054
v 868.034759 115.423598 15.774054
v 866.104479 112.461958 15.774054
v 864.676359 109.844398 15.774054
v 863.384319 107.051878 15.774054
v 862.160319 103.763878 15.774054
v 861.128079 99.943798 15.774054
v 860.424959 95.910758 15.774054
v 860.094479 92.452598 15.774054
v 859.984319 88.851878 15.774054

f 737 736 735 734 733 732 731 730 729 728 727 726 725 724 723 722 721 720 719 718 717 716 715 714 713 712 711 710 709 708 707 706 705 704 703 702 701 700 699 698 697 696 695 694 693 692 691 690 689 688 687 686 685 684 683 682 681 680 679 678 677 676 675 674 673 672 671 670 669 668 667 666 665 664 663 662 661 660 659 658 657 656 655 654 653 652 651 650 649 648 647 646 645 644 643 642 641 640 639 638 637 636 635 634 633 632 631 630 629 628 627 626 625 624 623 622 621 620 619 618 617 616 615 614 613 612 611 610 609 608 607 606 605 604 

g MoText _ ZONE E
v 1054.184319 -21.148122 15.774054
v 1179.384319 -21.148122 15.774054
v 1179.384319 11.851878 15.774054
v 1093.184319 11.851878 15.774054
v 1093.184319 37.851878 15.774054
v 1179.384319 37.851878 15.774054
v 1179.384319 69.851878 15.774054
v 1093.184319 69.851878 15.774054
v 1093.184319 95.851878 15.774054
v 1179.384319 95.851878 15.774054
v 1179.384319 128.851878 15.774054
v 1054.184319 128.851878 15.774054

f 749 748 747 746 745 744 743 742 741 740 739 738 

